"Data file"
"keep the headers as they are; each data element should be enclosed in square brackets"

"engagement_scores"
"empirical data recorded by survey study on Taipei, Taiwan"
[
[ 0.1 ]
[ 0.2 ]
[ 0.2 ]
[ 0.3 ]
[ 0.3 ]
[ 0.4 ]
[ 0.4 ]
[ 0.4 ]
[ 0.4 ]
[ 0.4 ]
[ 0.4 ]
[ 0.4 ]
[ 0.4 ]
[ 0.4 ]
[ 0.4 ]
[ 0.4 ]
[ 0.4 ]
[ 0.4 ]
[ 0.5 ]
[ 0.5 ]
[ 0.5 ]
[ 0.5 ]
[ 0.5 ]
[ 0.5 ]
[ 0.5 ]
[ 0.5 ]
[ 0.5 ]
[ 0.5 ]
[ 0.6 ]
[ 0.6 ]
[ 0.6 ]
[ 0.6 ]
[ 0.6 ]
[ 0.6 ]
[ 0.6 ]
[ 0.6 ]
[ 0.6 ]
[ 0.6 ]
[ 0.6 ]
[ 0.6 ]
[ 0.6 ]
[ 0.6 ]
[ 0.6 ]
[ 0.6 ]
[ 0.6 ]
[ 0.7 ]
[ 0.7 ]
[ 0.7 ]
[ 0.7 ]
[ 0.7 ]
[ 0.7 ]
[ 0.7 ]
[ 0.7 ]
[ 0.7 ]
[ 0.7 ]
[ 0.7 ]
[ 0.7 ]
[ 0.7 ]
[ 0.7 ]
[ 0.7 ]
[ 0.7 ]
[ 0.7 ]
[ 0.7 ]
[ 0.7 ]
[ 0.7 ]
[ 0.7 ]
[ 0.7 ]
[ 0.8 ]
[ 0.8 ]
[ 0.8 ]
[ 0.8 ]
[ 0.8 ]
[ 0.8 ]
[ 0.8 ]
[ 0.8 ]
[ 0.8 ]
[ 0.8 ]
[ 0.8 ]
[ 0.8 ]
[ 0.8 ]
[ 0.8 ]
[ 0.8 ]
[ 0.8 ]
[ 0.8 ]
[ 0.8 ]
[ 0.8 ]
[ 0.8 ]
[ 0.8 ]
[ 0.8 ]
[ 0.8 ]
[ 0.9 ]
[ 0.9 ]
[ 0.9 ]
[ 0.9 ]
[ 0.9 ]
[ 0.9 ]
[ 0.9 ]
[ 0.9 ]
[ 0.9 ]
[ 0.9 ]
[ 0.9 ]
[ 0.9 ]
[ 0.9 ]
[ 0.9 ]
[ 0.9 ]
[ 0.9 ]
[ 0.9 ]
[ 0.9 ]
[ 0.9 ]
[ 0.9 ]
[ 0.9 ]
[ 0.9 ]
[ 0.9 ]
[ 0.9 ]
[ 1 ]
[ 1 ]
[ 1 ]
[ 1 ]
[ 1 ]
[ 1 ]
[ 1 ]
[ 1 ]
]
